3.171
3.171
1.126
3.171
3.171
3.171
3.171
3.171
1.073
3.171
3.171
3.171
3.171
3.171
3.171
3.171
3.171
3.171
3.171
3.171
3.171
3.171
3.171
3.171
3.171
3.171
3.171
3.171
3.171
3.171
3.171
3.171
3.171
3.171
3.171
3.171
3.171
1.566
3.171
3.171
3.171
3.171
3.171
3.171
3.171
3.171
3.171
3.171
3.171
3.171
3.171
3.171
3.171
1.079
3.171
3.171
3.171
3.171
3.171
3.171
2.708
2.708
1.566
3.171
3.171
3.171
3.171
3.171
3.171
3.171
3.171
3.171
3.171
3.171
3.171
3.171
1.566
1.126
1.126
1.126
1.184
1.184
1.169
1.154
1.072
3.171
3.171
3.171
3.171
3.171
3.171
3.171
3.171
3.171
3.171
3.171
3.171
3.171
3.171
3.171
3.171
3.171
1.566
1.797
1.797
1.797
1.797
1.797
1.797
1.305
1.297
1.079
1.073
3.171
3.171
3.171
1.566
1.098
3.171
3.171
3.171
3.171
3.171
3.171
3.171
3.171
3.171
3.171
1.33
1.103
3.171
3.171
3.171
1.103
1.126
1.126
3.171
3.171
3.171
3.171
3.171
3.171
3.171
3.171
3.171
3.171
3.171
3.171
3.171
1.63
1.552
1.566
1.566
1.415
1.29
1.29
1.062
1.075
1.075
1.075
1.075
1.075
1.075
1.075
1.075
1.075
1.075
1.075
1.075
3.171
1.067
1.415
3.171
1.184
1.184
3.171
3.171
3.171
3.171
3.171
3.171
3.171
3.171
3.171
3.171
1.151
3.171
3.171
3.171
3.171
3.171
3.171
3.171
3.171
3.171
3.171
3.171
3.171
3.171
3.171
3.171
3.171
3.171
3.171
2.708
2.708
2.708
2.708
2.708
1.126
1.118
1.118
2.708
1.075
1.075
1.075
1.075
1.05
3.171
3.171
2.399
2.399
2.399
2.399
2.399
3.171
2.399
2.399
2.161
2.161
2.161
2.161
2.161
2.161
2.161
1.977
1.977
1.977
1.977
1.841
1.841
1.73
1.73
1.73
1.73
1.73
1.63
1.63
1.63
1.63
1.63
1.63
1.63
1.63
1.63
1.527
1.527
1.527
1.527
1.527
1.527
1.527
2.708
1.527
1.527
1.527
1.527
1.527
1.527
1.527
1.29
1.29
1.29
1.29
1.29
1.29
1.184
1.184
1.178
1.128
3.171
3.171
3.171
3.171
3.171
3.171
3.171
3.171
1.977
1.415
1.415
1.415
1.415
1.415
1.415
1.258
1.258
1.258
1.258
1.258
1.25
1.25
1.25
1.25
1.243
1.228
1.228
1.228
1.228
1.095
1.201
1.192
1.151
1.095
3.171
3.171
3.171
3.171
3.171
3.171
3.171
3.171
3.171
3.171
3.171
3.171
3.171
3.171
3.171
3.171
3.171
3.171
3.171
3.171
3.171
3.171
3.171
3.171
3.171
3.171
3.171
3.171
3.171
3.171
3.171
3.171
3.171
3.171
3.171
3.171
2.782
2.557
2.42
2.42
2.317
2.195
2.101
2.161
2.066
2.056
1.826
1.802
1.802
1.797
1.671
1.612
1.485
1.434
1.416
1.416
1.128
1.079
3.171
3.171
3.171
3.171
3.171
3.171
3.171
3.171
3.171
3.171
3.171
3.171
3.171
3.171
3.171
3.171
3.171
3.171
3.171
3.171
3.171
3.171
3.171
3.171
3.103
3.06
2.782
2.782
2.479
2.42
2.42
2.195
1.802
1.797
1.612
1.612
1.594
1.485
1.485
1.434
1.416
1.364
1.128
1.128
1.63
3.171
3.171
3.171
3.171
3.171
3.171
3.171
3.171
3.171
3.171
3.171
3.171
3.171
3.171
3.171
3.171
3.171
3.171
3.171
3.171
3.171
3.171
3.171
3.171
3.171
3.171
3.171
3.171
3.171
3.171
3.171
3.171
2.782
2.782
2.557
2.42
2.42
2.215
1.94
1.94
1.81
1.802
1.802
1.612
1.594
1.485
1.485
1.154
1.079
3.171
3.171
3.171
3.171
3.171
3.171
3.171
3.171
3.171
3.171
3.171
3.171
3.171
3.171
3.171
3.171
3.171
3.171
3.171
3.171
3.171
3.171
3.171
3.171
3.171
3.103
3.103
2.58
2.835
2.782
2.42
2.42
2.056
1.94
1.802
1.802
1.612
1.612
1.594
1.485
1.485
1.314
1.178
1.128
1.079
3.171
3.171
2.317
3.171
3.171
3.171
3.171
3.171
3.171
3.171
3.171
3.171
3.171
3.171
3.171
3.171
3.171
3.171
3.171
3.171
3.171
3.171
2.399
1.33
1.267
1.095
1.072
3.171
3.171
3.171
3.171
3.171
3.171
3.171
3.171
3.171
3.171
3.171
3.171
3.171
3.171
3.171
3.171
3.171
3.171
3.171
3.171
1.364
1.364
1.341
1.341
1.267
1.234
1.234
1.095
3.171
3.171
3.171
3.171
3.171
3.171
3.171
3.171
3.171
1.708
1.33
1.267
1.267
1.169
1.095
3.171
3.171
3.171
3.171
3.171
3.171
3.015
3.015
1.63
1.33
1.33
1.267
1.169
1.128
3.171
3.171
3.171
1.133
3.171
3.171
3.171
3.171
3.171
3.171
3.171
3.171
3.171
3.171
3.171
2.399
2.176
1.605
1.383
3.171
1.416
1.269
1.207
1.207
1.243
3.171
3.171
3.171
1.797
3.171
3.171
1.578
3.171
2.671
3.171
3.171
1.73
1.588
2.58
1.977
1.258
1.527
3.171
3.171
1.833
1.833
3.171
3.171
3.171
3.171
3.171
3.171
2.741
2.479
1.841
1.802
3.171
3.171
1.161
1.161
1.133
3.171
3.171
2.352
2.076
1.213
1.161
1.161
1.445
1.518
1.566
1.605
1.618
1.638
1.29
1.283
1.228
1.217
3.171
1.217
1.184
3.171
2.671
2.671
2.447
1.146
2.352
1.453
3.171
3.171
3.171
3.171
3.171
3.171
3.171
2.399
1.833
1.833
1.434
1.187
1.178
1.178
1.178
1.178
1.178
3.171
3.171
3.171
3.171
3.171
3.171
3.171
3.171
3.171
3.171
3.171
3.171
1.848
3.171
2.835
2.835
1.169
2.399
2.399
1.848
1.485
1.258
3.171
1.485
3.171
3.171
1.184
1.184
3.171
2.479
1.067
1.067
3.171
1.067
3.171
1.067
3.171
3.171
3.171
3.171
3.171
2.264
1.841
1.797
1.739
1.73
1.73
1.684
1.605
1.599
1.599
1.463
1.445
1.445
1.73
1.703
1.605
1.566
1.499
1.445
1.322
1.322
1.322
1.305
1.274
1.274
1.207
1.192
1.192
1.192
1.137
1.137
1.133
1.098
3.171
1.184
3.171
3.171
3.171
3.171
2.479
1.762
1.762
1.739
1.696
1.696
1.691
1.578
1.578
1.434
1.322
1.322
1.322
1.322
1.322
1.207
1.103
1.098
1.73
1.703
1.691
1.588
1.578
1.566
1.527
1.499
1.474
1.453
1.35
1.137
1.126
1.126
1.083
1.103
1.213
1.305
3.171
3.171
3.171
3.171
3.171
2.708
1.696
1.696
1.696
1.684
1.684
1.527
2.603
2.603
1.797
1.797
1.797
1.797
1.691
1.594
1.578
1.566
1.552
1.453
1.445
1.415
1.322
1.322
1.201
1.178
1.137
3.171
3.171
3.171
3.171
3.171
2.782
2.671
2.58
2.58
2.137
1.739
1.708
1.696
1.696
1.696
1.691
1.691
1.691
1.63
1.594
1.594
1.594
1.588
1.578
1.578
1.566
1.499
1.499
1.499
1.509
1.474
1.445
1.322
1.322
1.322
1.322
1.269
1.207
1.207
1.151
1.137
1.103
1.095
1.083
3.171
3.171
3.171
3.171
3.171
2.447
2.447
1.841
1.691
1.684
1.599
1.527
1.509
1.463
1.415
1.161
1.154
1.126
1.552
1.453
1.287
1.287
1.287
1.184
1.184
1.184
1.184
1.184
1.184
1.184
1.184
1.184
1.154
1.079
1.05
3.171
3.171
3.171
3.171
3.171
2.637
3.171
3.171
3.171
2.637
3.171
3.171
3.171
3.171
3.171
3.171
3.171
3.171
3.171
3.171
3.171
3.171
3.171
3.171
3.171
3.171
3.171
3.171
3.171
3.171
3.171
3.171
3.171
3.171
3.171
3.171
3.171
3.171
3.171
3.171
3.171
3.171
3.171
3.171
3.171
3.171
3.171
3.171
3.171
3.171
3.171
3.171
3.171
3.171
3.171
3.171
3.171
3.171
3.171
3.171
3.171
3.171
3.171
3.171
3.171
3.171
3.171
3.171
2.982
2.835
2.894
2.637
2.557
1.841
1.841
1.826
1.819
1.781
1.73
1.63
1.599
1.578
1.578
1.578
1.578
1.578
1.445
1.445
1.445
1.434
1.405
1.292
1.243
1.201
1.103
1.103
1.095
1.184
1.126
3.171
3.171
1.184
1.184
3.171
3.171
3.171
3.171
3.171
3.171
3.171
3.171
3.171
3.171
3.171
3.171
3.171
3.171
3.171
3.171
3.171
3.171
3.171
3.171
3.171
1.073
3.171
1.067
3.171
3.171
1.05
1.05
2.835
2.835
2.835
1.269
2.708
2.708
2.708
2.056
1.96
1.891
1.802
1.797
1.749
1.749
1.749
1.749
1.749
1.749
1.749
1.749
1.749
1.749
1.691
1.658
1.638
1.638
1.638
1.63
1.618
1.552
1.552
1.552
1.552
1.128
1.552
3.171
1.453
1.453
1.434
1.434
1.423
1.423
1.35
1.33
1.314
1.297
1.29
1.263
1.25
1.184
1.103
1.103
1.103
3.171
3.171
3.171
3.171
3.171
3.171
3.171
3.171
3.171
3.171
3.171
3.171
3.171
3.171
3.171
3.171
3.171
3.171
3.171
3.171
3.171
3.171
3.171
3.171
3.171
3.171
3.171
3.171
3.171
3.171
3.171
3.171
3.171
3.171
3.171
3.171
3.103
2.509
2.399
2.399
2.399
2.37
2.161
1.703
1.671
1.671
1.671
1.671
1.605
1.578
1.499
1.314
1.278
1.263
1.263
1.258
1.25
1.243
1.263
1.463
1.415
1.415
1.63
1.314
3.171
1.527
1.187
1.588
1.552
1.538
1.518
1.509
1.509
1.415
1.415
1.415
1.263
1.258
1.25
1.25
1.137
1.383
1.184
1.169
1.283
1.283
1.453
3.171
1.819
1.819
1.819
1.258
1.133
1.133
2.076
1.684
1.599
1.588
1.578
1.434
3.171
2.835
2.076
1.781
1.599
1.509
1.178
1.095
1.072
1.184
1.184
1.184
1.184
1.184
1.184
1.184
1.184
1.184
1.184
1.184
1.184
1.184
1.184
1.184
1.184
1.184
1.184
1.184
1.184
1.184
1.184
1.184
1.184
1.184
1.184
1.184
1.154
1.538
1.434
3.171
3.171
3.171
2.161
2.708
2.835
1.781
1.723
1.599
1.599
1.594
1.588
1.578
1.187
1.187
1.287
1.287
3.171
3.171
2.835
2.835
1.912
1.781
1.781
1.671
1.599
1.599
1.588
1.588
1.578
1.552
1.552
1.538
1.538
1.133
1.133
3.171
3.171
2.835
1.912
1.762
1.715
1.708
1.599
1.578
1.538
1.527
1.133
1.133
1.599
3.171
3.171
1.73
1.684
1.671
1.267
1.925
1.588
1.207
1.797
1.797
1.797
1.797
1.797
1.797
1.797
1.797
1.797
1.797
1.797
1.797
1.797
1.797
1.797
1.797
1.797
1.797
1.797
1.739
1.648
1.578
1.128
1.891
1.79
1.762
1.762
1.749
1.749
1.73
1.715
1.715
1.715
1.594
1.578
1.566
1.258
2.708
2.708
1.161
1.703
1.684
1.684
1.267
1.201
3.171
1.087
1.091
1.118
1.123
1.274
1.696
1.708
1.739
3.171
3.171
2.637
2.447
2.447
2.447
2.447
2.447
2.447
2.447
2.447
2.399
2.399
2.529
2.557
2.529
2.399
2.335
2.195
2.195
1.684
1.925
1.912
1.912
1.912
1.912
1.861
1.848
1.841
1.841
1.841
1.841
1.841
1.841
1.841
1.841
1.819
1.81
1.81
1.81
1.802
1.802
1.802
1.79
1.79
1.781
1.762
1.762
1.762
1.749
1.73
1.73
1.703
1.684
1.684
1.684
1.684
1.684
1.684
3.103
1.684
1.684
1.684
1.684
1.684
1.671
1.671
1.671
1.671
1.671
1.671
1.671
1.671
1.671
1.658
1.648
1.184
1.599
1.599
1.599
1.599
1.594
1.594
1.588
1.588
1.588
1.578
1.578
1.578
1.552
1.552
1.552
1.552
1.538
1.509
1.474
1.474
1.474
1.474
1.474
1.474
1.463
1.463
1.463
1.463
1.463
1.463
1.463
1.453
1.445
1.445
1.434
1.423
1.423
1.405
1.341
1.33
1.322
1.322
1.314
1.267
1.263
1.234
1.234
1.234
1.234
1.187
1.187
1.169
1.151
1.151
1.708
1.445
1.269
1.234
1.118
3.171
1.485
1.485
1.485
1.485
1.485
1.485
1.485
1.499
1.499
1.509
1.509
1.509
1.509
1.509
1.509
1.509
1.509
1.509
1.509
1.509
1.509
1.509
1.509
1.509
1.509
1.509
1.509
1.509
1.509
1.509
1.509
1.509
1.527
1.538
1.538
1.538
1.538
1.538
1.552
1.605
1.605
1.605
1.605
1.605
1.605
1.605
1.605
1.605
1.605
1.605
1.605
1.605
1.605
1.605
1.605
1.605
1.605
1.605
1.605
1.605
1.605
1.605
1.605
1.605
1.605
1.605
1.605
1.605
1.605
1.605
1.605
1.599
1.599
1.599
1.599
1.599
1.599
1.599
1.599
1.599
1.599
1.599
1.588
1.588
1.588
1.588
1.588
1.588
1.588
1.588
1.588
1.588
1.588
1.588
1.588
1.588
1.588
1.588
1.588
1.588
1.588
1.588
1.588
1.588
1.588
1.588
1.588
1.578
1.578
1.578
1.552
1.552
1.552
1.552
1.552
1.552
1.552
1.552
1.797
1.797
1.797
1.552
1.552
1.552
1.552
1.552
1.552
1.552
1.552
3.171
3.171
3.171
3.171
3.171
2.782
2.741
2.708
2.671
2.603
2.352
2.335
2.195
2.195
2.195
1.94
1.94
1.925
1.925
1.925
1.925
1.925
1.912
1.874
1.874
1.861
1.861
1.861
1.848
1.848
1.841
1.841
1.841
1.841
1.841
1.841
1.841
1.841
1.841
1.841
1.841
1.826
1.826
1.826
1.826
1.826
1.826
1.826
1.826
1.826
1.826
1.826
1.826
1.819
1.79
1.79
1.79
1.73
1.73
1.73
1.73
1.73
1.73
1.73
1.73
1.73
1.73
1.708
1.708
1.696
1.696
1.696
1.696
1.696
1.696
1.696
1.696
1.696
1.696
1.696
1.696
1.684
1.684
1.684
1.684
1.684
1.684
1.684
1.684
1.671
1.648
1.648
1.648
1.648
1.648
1.648
1.63
1.63
1.63
1.63
1.63
1.623
1.623
1.623
1.623
1.623
1.623
1.618
1.618
1.618
1.618
1.623
1.623
1.623
1.623
1.623
1.623
1.623
1.618
1.618
1.618
1.618
1.623
1.618
1.618
1.618
1.605
1.605
1.605
1.605
1.605
1.269
1.263
1.263
1.263
1.263
1.263
1.263
1.263
1.263
1.258
1.258
1.258
1.243
1.243
1.243
1.228
1.228
1.228
1.228
1.228
1.228
1.228
1.228
1.228
1.213
1.184
1.184
1.184
1.184
1.184
1.184
1.184
1.184
1.184
1.184
1.184
1.184
1.169
1.146
1.128
1.05
1.05
1.588
1.485
1.485
1.485
1.485
1.485
1.485
1.485
1.463
1.463
1.463
1.463
1.463
1.463
1.463
1.463
1.463
1.463
1.463
1.453
1.453
1.453
1.453
1.453
1.453
1.445
1.445
1.445
1.445
1.445
1.445
1.434
1.434
1.434
1.434
1.434
1.434
1.434
1.434
1.434
1.434
1.434
1.434
1.434
1.434
1.434
1.434
1.463
1.463
1.463
1.415
1.415
1.415
1.415
1.415
1.415
1.415
1.415
1.415
1.405
1.405
1.364
1.364
1.364
1.364
1.364
1.364
1.364
1.364
1.35
1.35
1.35
1.35
1.35
1.341
1.341
1.341
1.341
1.341
1.341
1.341
1.341
1.341
1.341
1.305
1.305
1.292
1.292
1.29
1.278
1.278
1.278
1.278
1.278
1.278
1.278
1.278
1.278
1.278
1.274
1.274
1.274
1.274
1.274
1.274
1.274
1.274
1.274
1.274
1.274
1.274
1.274
1.274
1.274
1.274
1.274
1.274
1.274
1.274
1.274
1.274
1.274
1.269
1.269
1.269
1.269
1.269
1.269
1.269
1.269
1.269
1.269
1.269
1.269
3.171
1.797
1.297
1.297
1.297
1.297
1.297
1.297
1.297
1.297
1.297
1.297
1.297
1.297
1.297
1.297
1.292
1.292
1.292
1.63
1.29
1.29
1.29
3.171
1.263
1.263
1.263
1.263
1.263
1.263
1.263
1.263
1.25
1.25
1.228
1.228
1.228
1.217
1.217
1.146
1.143
1.133
1.118
1.11
1.103
1.079
1.079
1.079
1.079
1.63
1.499
1.499
1.423
1.423
1.423
1.423
1.423
1.423
1.423
1.423
1.423
1.423
1.416
1.416
1.415
3.171
1.415
1.29
1.29
1.29
1.415
1.415
1.29
1.73
1.527
1.527
1.527
1.527
1.415
1.415
1.29
1.29
1.29
1.228
1.228
1.228
1.228
1.228
1.228
1.095
1.228
1.095
1.63
1.527
1.415
1.415
1.415
1.29
1.095
1.095
1.095
1.095
1.095
1.095
1.095
1.095
1.095
1.095
1.29
1.151
1.151
1.151
1.151
1.151
1.151
1.151
1.151
1.151
1.151
1.151
1.151
1.151
1.151
1.151
1.044
1.044
1.044
1.044
1.044
1.044
1.044
1.044
1.044
1.044
3.171
3.171
3.171
3.171
3.171
3.171
3.171
3.171
3.171
3.171
3.171
3.171
3.171
3.171
3.171
3.171
3.171
3.171
3.171
3.171
3.171
3.171
1.527
1.527
3.171
3.171
3.171
3.171
3.171
3.171
3.171
3.171
3.171
3.171
3.171
3.171
3.171
3.171
3.171
3.171
3.171
3.171
3.171
3.171
3.171
3.171
3.171
3.171
3.171
3.171
3.171
1.527
1.415
1.415
1.415
1.415
1.415
1.415
1.29
1.415
1.977
2.708
1.977
3.171
3.171
3.171
1.228
1.594
3.171
2.399
2.399
1.527
1.594
2.399
2.161
1.415
1.527
1.527
1.228
3.171
2.708
3.171
1.095
1.095
1.29
2.399
2.708
1.228
1.228
1.095
1.169
1.095
1.095
3.171
2.708
3.171
3.171
3.171
1.594
3.171
3.171
3.171
3.171
3.171
2.708
2.399
1.594
1.415
1.29
1.527
1.415
1.095
3.171
2.399
2.399
1.228
1.095
1.151
1.095
1.095
1.151
1.095
1.095
1.095
1.044
3.171
3.171
3.171
3.171
2.161
3.171
3.171
1.228
3.171
3.171
1.594
2.708
1.228
1.29
1.228
1.527
1.527
1.527
1.415
1.415
2.708
1.228
1.415
1.594
2.399
1.29
1.095
1.095
1.594
1.151
1.095
1.151
1.095
1.044
1.151
1.095
3.171
1.151
3.171
1.594
1.527
1.29
1.415
1.527
1.527
3.171
1.977
3.171
2.399
2.708
1.228
1.151
1.594
1.044
1.151
3.171
3.171
3.171
3.171
3.171
3.171
3.171
3.171
3.171
3.171
3.171
3.171
3.171
3.171
3.171
3.171
3.171
3.171
3.171
3.171
3.171
3.171
3.171
1.184
1.184
1.184
1.184
1.184
1.184
1.184
1.184
1.184
1.184
1.184
1.184
1.184
1.192
3.171
3.171
3.171
3.171
3.171
3.171
3.171
3.171
3.171
3.171
3.171
3.171
3.171
3.171
3.171
3.171
3.171
3.171
3.171
3.171
3.171
3.171
3.171
3.171
3.171
3.171
3.171
3.171
3.171
3.171
3.171
2.708
2.708
2.708
2.708
2.603
1.968
1.201
1.05
1.075
1.075
1.075
1.043
3.171
3.171
3.171
3.171
3.171
3.171
3.171
3.171
3.171
3.171
3.171
3.171
3.171
3.171
3.171
3.171
3.171
3.171
3.171
2.708
2.708
2.708
3.171
1.043
3.171
3.171
3.171
3.171
3.171
3.171
3.171
3.171
3.171
3.171
3.171
3.171
3.171
3.171
3.171
3.171
3.171
3.171
2.708
2.708
2.708
1.73
1.73
3.171
3.171
3.171
3.171
3.171
3.171
3.171
3.171
3.171
3.171
3.171
3.171
3.171
3.171
3.171
3.171
3.171
3.171
3.171
1.474
3.171
3.171
3.171
3.171
3.171
3.171
1.73
1.73
3.171
3.171
3.171
3.171
3.171
1.79
3.171
3.171
3.171
3.171
3.171
3.171
3.171
2.708
1.73
1.474
1.292
1.269
3.171
3.171
3.171
3.171
3.171
2.215
3.171
3.171
3.171
3.171
3.171
3.171
3.171
3.171
3.171
3.171
3.171
3.171
3.171
3.171
3.171
3.171
3.171
3.171
3.171
2.708
1.552
1.405
1.405
3.171
3.171
3.171
1.234
1.234
1.169
1.133
1.133
1.133
1.133
1.133
1.128
1.118
1.118
1.594
1.594
1.485
1.474
1.445
1.445
1.445
1.269
1.269
1.269
1.269
1.234
1.201
1.201
1.671
1.527
1.485
1.485
1.485
1.485
1.485
1.485
1.485
1.485
1.485
1.485
1.35
1.35
1.35
1.35
1.35
1.137
1.128
1.079
1.35
1.35
1.35
1.415
1.485
1.485
1.485
1.599
1.599
1.599
1.599
1.599
1.599
1.599
1.599
1.599
1.599
1.599
1.599
3.171
3.171
3.171
3.171
3.171
3.171
3.171
3.171
3.171
3.171
3.171
3.171
3.171
3.171
3.171
3.171
3.171
3.171
3.171
3.171
3.171
3.171
3.171
3.171
3.171
3.171
3.171
3.171
3.171
3.171
3.171
3.171
3.171
3.171
3.171
3.171
1.083
1.075
1.187
3.171
3.171
3.171
3.171
3.171
3.171
3.171
3.171
3.171
3.171
3.171
3.171
3.171
3.171
3.171
3.171
3.171
3.171
3.171
3.171
3.171
3.171
3.171
3.171
3.171
3.171
3.171
3.171
3.015
3.171
2.708
2.708
2.708
2.671
2.603
2.58
2.58
2.58
2.529
2.529
2.529
2.509
2.509
2.509
2.509
2.509
2.509
2.335
2.335
2.335
2.317
2.317
2.317
2.317
2.317
2.289
2.289
2.235
2.215
2.195
2.215
2.264
2.089
2.025
2.025
1.989
1.977
1.977
1.968
1.9
1.9
1.848
1.819
1.819
1.81
1.802
1.797
1.797
1.749
1.708
1.708
1.708
1.708
1.696
1.696
1.671
1.671
1.671
1.671
1.658
1.658
1.638
1.63
1.605
1.605
1.594
1.605
1.605
1.605
1.605
1.594
1.578
1.485
1.434
1.434
1.434
1.314
1.314
1.314
1.314
1.207
1.187
1.079
1.118
1.118
1.128
1.128
1.128
1.187
1.234
1.234
1.234
1.314
1.35
1.35
1.35
1.415
1.445
1.485
1.485
1.527
1.594
1.594
1.594
1.594
1.63
1.63
3.171
3.171
3.171
3.171
3.171
3.171
3.171
3.171
3.171
3.171
3.171
3.171
3.171
1.133
1.075
1.075
1.073
3.171
3.171
3.171
3.171
3.171
3.171
3.171
3.171
3.171
3.171
3.171
3.171
3.171
3.171
3.171
3.171
3.171
3.171
3.171
3.171
3.171
3.171
3.171
3.171
3.171
3.171
3.171
3.171
3.171
3.171
3.171
3.171
3.171
3.171
3.171
3.171
3.171
3.171
3.171
3.171
3.171
3.171
3.171
3.171
3.171
3.171
3.103
3.015
3.015
3.015
2.958
2.894
2.894
2.894
2.894
2.782
2.782
2.741
2.741
2.671
2.671
2.637
2.637
2.603
2.58
2.58
2.541
2.509
2.479
2.447
2.352
2.335
2.335
2.317
2.317
2.317
2.317
2.317
2.289
2.289
2.251
2.251
2.251
2.251
2.251
2.089
1.874
1.874
1.874
1.874
1.833
1.819
1.819
1.81
1.81
1.79
1.79
1.79
1.708
1.708
1.671
1.671
1.658
1.658
1.605
1.594
1.605
1.605
1.605
1.073
1.708
1.802
1.81
1.819
1.874
1.073
3.171
3.171
2.235
2.235
2.235
2.235
2.335
2.335
2.317
2.289
2.289
2.317
3.171
3.171
3.171
3.171
3.171
3.171
3.171
3.171
3.171
3.171
3.171
3.171
1.912
3.171
3.171
3.171
3.171
3.171
3.171
3.171
3.171
3.171
3.171
3.171
3.171
3.171
3.171
1.234
1.234
1.234
1.187
1.133
1.118
1.605
3.171
3.171
3.171
3.171
3.171
3.171
3.171
3.171
3.171
3.171
3.171
3.171
3.171
3.171
3.171
3.171
1.605
3.171
1.605
1.594
3.171
1.178
1.178
1.178
1.178
1.178
1.178
3.171
3.171
3.171
3.171
1.178
3.171
3.171
1.178
3.171
3.171
3.171
3.171
3.171
3.171
3.171
1.178
3.171
3.171
2.982
2.982
2.982
2.982
2.982
2.982
2.982
2.958
2.782
2.782
2.708
2.671
2.671
2.671
2.637
2.637
2.603
2.603
2.603
2.603
2.58
2.509
2.509
2.509
2.509
2.509
2.509
2.509
2.352
2.352
2.352
3.171
3.171
1.073
1.073
3.171
3.171
3.171
3.171
3.171
3.171
3.171
3.171
3.171
3.171
3.171
3.171
1.137
3.171
3.171
3.171
3.171
3.171
3.171
3.171
3.171
3.171
3.171
3.171
3.171
3.171
3.171
3.171
3.171
3.171
3.171
3.171
3.171
3.171
3.171
3.171
3.171
3.171
3.171
3.171
3.171
3.171
3.171
3.171
3.171
3.171
3.171
3.171
3.171
3.171
3.171
3.171
3.171
3.015
3.015
2.982
2.982
3.015
3.015
3.015
3.015
2.835
2.671
2.671
2.671
2.671
2.671
2.637
2.637
2.637
2.637
2.603
2.603
2.603
2.58
2.352
2.335
2.317
2.317
2.317
2.317
2.317
2.235
2.235
2.235
2.235
2.195
2.161
3.171
1.9
1.819
1.819
1.81
1.802
1.797
1.797
1.79
3.171
1.708
1.671
3.171
1.63
1.63
1.63
1.63
1.63
1.63
1.63
1.63
1.63
1.63
1.63
1.63
1.63
1.63
1.63
1.63
1.63
1.63
1.63
1.605
1.594
1.605
1.605
1.605
1.594
1.594
1.594
1.566
1.527
1.192
1.527
1.474
1.485
1.485
1.474
1.474
1.474
1.474
1.474
1.445
3.171
3.171
1.445
1.415
1.35
1.35
1.552
1.552
1.594
3.171
1.187
3.171
3.171
2.352
2.066
2.066
1.671
1.463
1.35
1.314
1.234
1.234
1.187
1.151
1.133
1.128
1.128
1.154
1.154
1.154
1.154
1.154
1.154
1.154
1.154
1.154
1.154
1.133
1.103
1.169
1.169
1.169
1.169
1.169
1.169
1.169
1.169
1.169
1.133
1.594
2.101
1.612
2.066
3.171
1.192
1.192
1.192
1.192
1.192
